[]
[]
[[31, [[0, 449, [138.93686658704152, 37.74844719053269]], [3, 448, [138.93712499018216, 37.74834537776196]]]]]
[]
[]
[]
[[9, [[51, 8, [139.10688205400476, 37.80574388186563]]]], [17, [[40, 0, [139.1115120920819, 37.80678152793367]]]]]
[[30, [[5, 92, [139.10267810188728, 37.80292837674304]]]]]
[]
[[6, [[8, 51, [139.10688205400476, 37.80574388186563]]]]]
[[17, [[0, 9, [139.10934791261172, 37.806525229828814]]]]]
[]
[[18, [[1, 1, [139.10929513589622, 37.80700999959105]]]]]
[[16, [[0, 13, [139.108944688036, 37.80694413847479]]]]]
[[16, [[0, 14, [139.10896525207272, 37.80694547641061]]]]]
[[18, [[1, 1, [139.10933985026273, 37.80702183832249]]]]]
[[13, [[13, 0, [139.108944688036, 37.80694413847479]]]], [14, [[14, 0, [139.10896525207272, 37.80694547641061]]]]]
[[6, [[0, 40, [139.1115120920819, 37.80678152793367]]]], [10, [[9, 0, [139.10934791261172, 37.806525229828814]]]]]
[[12, [[1, 1, [139.10929513589622, 37.80700999959105]]]], [15, [[1, 1, [139.10933985026273, 37.80702183832249]]]]]
[]
[[28, [[0, 32, [139.06474769457748, 37.925681461939114]]]]]
[[23, [[0, 34, [139.06715628204046, 37.92683165243324]]]]]
[]
[[21, [[34, 0, [139.06715628204046, 37.92683165243324]]]]]
[]
[]
[[27, [[0, 13, [139.1516869655992, 37.94177612549887]]]]]
[[26, [[13, 0, [139.1516869655992, 37.94177612549887]]]], [28, [[0, 306, [139.14853694829563, 37.940847283851184]], [10, 314, [139.1514612541017, 37.942039172986235]]]]]
[[20, [[32, 0, [139.06474769457748, 37.925681461939114]]]], [27, [[306, 0, [139.14853694829563, 37.940847283851184]], [314, 10, [139.1514612541017, 37.942039172986235]]]]]
[]
[[7, [[92, 5, [139.10267810188728, 37.80292837674304]]]]]
[[2, [[448, 3, [138.93712499018216, 37.74834537776196]], [449, 0, [138.93686658704152, 37.74844719053269]]]], [32, [[813, 94, [138.85154021871116, 37.751146029273166]]]]]
[[31, [[94, 813, [138.85154021871116, 37.751146029273166]]]], [39, [[89, 2, [138.85222786333324, 37.75069135053289]]]]]
[]
[]
[]
[]
[]
[]
[[32, [[2, 89, [138.85222786333324, 37.75069135053289]]]]]
[]
[]
[]
[]
[]
[]
[]
[]
[]
[]
[]
[]
[]
[]
[]
[[57, [[236, 0, [138.8606691143051, 37.77653214576043]]]], [59, [[225, 1, [138.86052392618006, 37.77747059847469]]]]]
[]
[[55, [[0, 236, [138.8606691143051, 37.77653214576043]]]]]
[]
[[55, [[1, 225, [138.86052392618006, 37.77747059847469]]]]]
[]
[]
[]
[]
[]
[]
[]
[]
[]
[]
[]
[]
[]
[]
[]
[]
[[80, [[154, 0, [139.12655448239687, 37.8344100746742]]]]]
[]
[]
[[83, [[109, 0, [139.1328600518851, 37.838909379571426]]]], [84, [[101, 5, [139.13366176596605, 37.838607028068715]]]], [85, [[105, 1, [139.13338374072453, 37.83874094206792]]]]]
[[76, [[0, 154, [139.12655448239687, 37.8344100746742]]]]]
[]
[]
[[79, [[0, 109, [139.1328600518851, 37.838909379571426]]]]]
[[79, [[5, 101, [139.13366176596605, 37.838607028068715]]]]]
[[79, [[1, 105, [139.13338374072453, 37.83874094206792]]]]]
[]
[]
[]
[]
[[93, [[129, 0, [138.98146284509585, 37.862937016124356]]]], [96, [[128, 1, [138.98135317584752, 37.863212998488514]]]], [97, [[128, 2, [138.98128447641207, 37.86338410702617]]]], [98, [[128, 3, [138.9812793612827, 37.86339684719358]]]], [99, [[126, 3, [138.98118826502468, 37.86363598397286]]]]]
[]
[]
[[90, [[0, 129, [138.98146284509585, 37.862937016124356]]]]]
[]
[]
[[90, [[1, 128, [138.98135317584752, 37.863212998488514]]]]]
[[90, [[2, 128, [138.98128447641207, 37.86338410702617]]]]]
[[90, [[3, 128, [138.9812793612827, 37.86339684719358]]]]]
[[90, [[3, 126, [138.98118826502468, 37.86363598397286]]]]]
