

(31, [(0, 449, (138.93686658704152, 37.74844719053269)), (3, 448, (138.93712499018216, 37.74834537776196))])



(9, [(51, 8, (139.10688205400476, 37.80574388186563))])(17, [(40, 0, (139.1115120920819, 37.80678152793367))])(185, [(2, 335, (139.15121894659032, 37.80855820056108))])
(30, [(5, 92, (139.10267810188728, 37.80292837674304))])

(6, [(8, 51, (139.10688205400476, 37.80574388186563))])
(17, [(0, 9, (139.10934791261172, 37.806525229828814))])

(18, [(1, 1, (139.10929513589622, 37.80700999959105))])
(16, [(0, 13, (139.108944688036, 37.80694413847479))])
(16, [(0, 14, (139.10896525207272, 37.80694547641061))])
(18, [(1, 1, (139.10933985026273, 37.80702183832249))])
(13, [(13, 0, (139.108944688036, 37.80694413847479))])(14, [(14, 0, (139.10896525207272, 37.80694547641061))])
(6, [(0, 40, (139.1115120920819, 37.80678152793367))])(10, [(9, 0, (139.10934791261172, 37.806525229828814))])
(12, [(1, 1, (139.10929513589622, 37.80700999959105))])(15, [(1, 1, (139.10933985026273, 37.80702183832249))])

(28, [(0, 32, (139.06474769457748, 37.925681461939114))])
(23, [(0, 34, (139.06715628204046, 37.92683165243324))])

(21, [(34, 0, (139.06715628204046, 37.92683165243324))])


(27, [(0, 13, (139.1516869655992, 37.94177612549887))])
(26, [(13, 0, (139.1516869655992, 37.94177612549887))])(28, [(0, 306, (139.14853694829563, 37.940847283851184)), (10, 314, (139.1514612541017, 37.942039172986235))])
(20, [(32, 0, (139.06474769457748, 37.925681461939114))])(27, [(306, 0, (139.14853694829563, 37.940847283851184)), (314, 10, (139.1514612541017, 37.942039172986235))])(231, [(320, 350, (139.15384799025387, 37.94303053771038))])
(463, [(86, 1, (138.78962430193727, 37.72162728985254)), (87, 8, (138.7905273615995, 37.72240422213655))])(464, [(188, 5, (138.7992544651678, 37.745971011850706))])
(7, [(92, 5, (139.10267810188728, 37.80292837674304))])(194, [(52, 110, (139.09639685635221, 37.835083319089165))])(220, [(42, 29, (139.09578830655875, 37.8420728016376))])
(2, [(448, 3, (138.93712499018216, 37.74834537776196)), (449, 0, (138.93686658704152, 37.74844719053269))])(32, [(813, 94, (138.85154021871116, 37.751146029273166))])(174, [(109, 290, (139.06385361051153, 37.784254131928826))])(192, [(358, 404, (138.96183687580304, 37.75780143854405))])(210, [(114, 129, (139.05772294892193, 37.78263867922108))])(227, [(639, 179, (138.88535858150323, 37.75595803368618))])(504, [(838, 11, (138.846124677208, 37.7537576629158)), (838, 12, (138.84604892706693, 37.753779607608074)), (838, 14, (138.84586128193888, 37.753833968095606))])(505, [(852, 31, (138.84371902435385, 37.75493761931506))])(515, [(782, 5, (138.85960865912432, 37.75412116540418))])(516, [(802, 24, (138.85375497150415, 37.751356721299274))])(527, [(769, 9, (138.86323174363903, 37.75605527743423))])(528, [(774, 7, (138.8614606086677, 37.755098061469546))])(1153, [(406, 0, (138.94647256828273, 37.75133620230521))])(1191, [(465, 5, (138.93422514811195, 37.75066831748918))])(1233, [(479, 3, (138.9261919617443, 37.75151004155686))])(1253, [(526, 12, (138.91065324639865, 37.74959113419071))])(1266, [(515, 10, (138.91405210896912, 37.75085700399602))])(1314, [(516, 48, (138.91363610686153, 37.75044336148866)), (535, 66, (138.90957602598272, 37.750033881689966))])(1322, [(495, 67, (138.9214292145814, 37.751308986302604))])(1332, [(492, 18, (138.92228598727917, 37.75132261145489))])(1421, [(537, 12, (138.90907978969332, 37.750061728737215))])(1422, [(498, 2, (138.91921776378697, 37.751377133247125)), (499, 2, (138.91854528837013, 37.75140170373827)), (500, 3, (138.91665717245763, 37.751469353067755)), (546, 27, (138.90784753069778, 37.75051051345054))])
(31, [(94, 813, (138.85154021871116, 37.751146029273166))])(39, [(89, 2, (138.85222786333324, 37.75069135053289))])(227, [(19, 127, (138.8859679156909, 37.74661653869622))])(478, [(8, 7, (138.89087831421276, 37.74671483809072))])(522, [(82, 7, (138.8546243353829, 37.74869061155668))])(523, [(84, 4, (138.8537498818001, 37.74941385561281))])(524, [(83, 2, (138.85435428078196, 37.748914349026286)), (88, 0, (138.85242089152072, 37.750530673538464))])(544, [(15, 1, (138.88711557501134, 37.746498231464166))])(555, [(25, 21, (138.88142809073926, 37.74793682168943))])(558, [(25, 3, (138.8826379966931, 37.74752620529808))])(560, [(23, 13, (138.88383472350662, 37.747121889159054))])(562, [(27, 5, (138.87900286852113, 37.74876066152971))])(572, [(26, 5, (138.88020894008054, 37.74835100776582))])(582, [(23, 49, (138.88407348398064, 37.74704543385228))])(610, [(65, 4, (138.85913767404526, 37.746897176358175))])(922, [(45, 84, (138.8646666425661, 37.74954073960263))])(964, [(33, 30, (138.87643679659536, 37.749530052008915))])(1374, [(0, 10, (138.89885505021556, 37.74745355427825))])

(387, [(20, 9, (138.98780948282993, 37.68076315163749))])(388, [(3, 3, (138.98403400972512, 37.68057954837368))])
(294, [(27, 4, (138.9729856755588, 37.69332232691195))])(307, [(17, 4, (138.97226882389955, 37.697543614306554))])(316, [(44, 60, (138.97551309576477, 37.69101153006626))])(326, [(43, 8, (138.97475895392438, 37.69117191118745))])(346, [(39, 1, (138.97369334663315, 37.691447753630015))])
(393, [(3, 3, (138.98140375819366, 37.68120799182899))])
(203, [(0, 330, (138.7972478189584, 37.74003689137859))])

(32, [(2, 89, (138.85222786333324, 37.75069135053289))])(522, [(9, 5, (138.85054647098556, 37.74963796115289))])(614, [(109, 10, (138.84341194955823, 37.73241630925519))])(615, [(198, 6, (138.83539429561802, 37.71556502748388))])(815, [(73, 5, (138.84453542846907, 37.742155161552134))])(819, [(82, 14, (138.84498188153393, 37.7404949164182))])(831, [(102, 2, (138.8447439859647, 37.73621252194903))])(845, [(137, 14, (138.8419728554082, 37.7271492609198))])(846, [(143, 4, (138.84248478196037, 37.726138139773425))])(968, [(34, 36, (138.84595215732054, 37.74678431981016))])

(201, [(68, 17, (138.956380430594, 37.7191672259923))])
(202, [(7, 0, (138.91338295920653, 37.72318699064461))])(1318, [(162, 6, (138.9143777963374, 37.746298477308414))])(1377, [(79, 3, (138.91390983825553, 37.73421362700762))])
(180, [(1, 176, (138.93680414420706, 37.748188230451845))])
(180, [(0, 176, (138.93684779519464, 37.74820886831751))])
(211, [(44, 262, (138.9966479207977, 37.72135706129317))])









(57, [(236, 0, (138.8606691143051, 37.77653214576043))])(59, [(225, 1, (138.86052392618006, 37.77747059847469))])

(55, [(0, 236, (138.8606691143051, 37.77653214576043))])

(55, [(1, 225, (138.86052392618006, 37.77747059847469))])

(196, [(0, 140, (138.9155355348554, 37.800319637004115))])
(226, [(77, 340, (139.0106143867312, 37.77339272045847))])




(224, [(0, 144, (139.10903075741427, 37.76553524476433))])
(224, [(0, 143, (139.10916770992276, 37.765709860797806))])
(212, [(0, 58, (138.8920809086145, 37.829574528055716)), (4, 61, (138.89203811312055, 37.8297730909061))])
(197, [(51, 11, (138.91644230348106, 37.81191910390965))])
(197, [(24, 37, (138.9037245099027, 37.814687594887936))])


(218, [(0, 0, (139.0630789368962, 37.83423440902899))])
(194, [(0, 273, (139.06498909851246, 37.82934002270377))])
(80, [(154, 0, (139.12655448239687, 37.8344100746742))])


(83, [(109, 0, (139.1328600518851, 37.838909379571426))])(84, [(101, 5, (139.13366176596605, 37.838607028068715))])(85, [(105, 1, (139.13338374072453, 37.83874094206792))])
(76, [(0, 154, (139.12655448239687, 37.8344100746742))])

(178, [(0, 371, (139.11370338485108, 37.83991149830696))])
(79, [(0, 109, (139.1328600518851, 37.838909379571426))])
(79, [(5, 101, (139.13366176596605, 37.838607028068715))])
(79, [(1, 105, (139.13338374072453, 37.83874094206792))])




(93, [(129, 0, (138.98146284509585, 37.862937016124356))])(96, [(128, 1, (138.98135317584752, 37.863212998488514))])(97, [(128, 2, (138.98128447641207, 37.86338410702617))])(98, [(128, 3, (138.9812793612827, 37.86339684719358))])(99, [(126, 3, (138.98118826502468, 37.86363598397286))])(100, [(126, 0, (138.98116061895237, 37.863711070990384))])(184, [(52, 159, (138.97247477060003, 37.87521436655357))])


(90, [(0, 129, (138.98146284509585, 37.862937016124356))])


(90, [(1, 128, (138.98135317584752, 37.863212998488514))])
(90, [(2, 128, (138.98128447641207, 37.86338410702617))])
(90, [(3, 128, (138.9812793612827, 37.86339684719358))])
(90, [(3, 126, (138.98118826502468, 37.86363598397286))])
(90, [(0, 126, (138.98116061895237, 37.863711070990384))])
(105, [(1, 4, (139.0531843500283, 37.85703010220295))])(109, [(67, 0, (139.04206387135358, 37.872876285756185))])(111, [(72, 1, (139.04161245778113, 37.873039020874636))])(112, [(73, 0, (139.04140719797104, 37.87307642588438))])(113, [(90, 1, (139.03848007378502, 37.87591419621187))])(115, [(93, 6, (139.03806873912055, 37.87684016873795))])(116, [(92, 0, (139.03818494267907, 37.87658503098603))])(120, [(91, 4, (139.03826430285426, 37.87640481310137))])(183, [(0, 86, (139.05324946601377, 37.85681882907213)), (99, 153, (139.0371743741483, 37.87814941658334))])


(183, [(4, 86, (139.05272163199484, 37.85672953192592))])
(101, [(4, 1, (139.0531843500283, 37.85703010220295))])(183, [(0, 86, (139.05306705942257, 37.8567879701516))])


(183, [(2, 17, (139.08818583041236, 37.8696244886683))])
(101, [(0, 67, (139.04206387135358, 37.872876285756185))])

(101, [(1, 72, (139.04161245778113, 37.873039020874636))])
(101, [(0, 73, (139.04140719797104, 37.87307642588438))])
(101, [(1, 90, (139.03848007378502, 37.87591419621187))])
(183, [(3, 146, (139.03745785697217, 37.87649762615928))])
(101, [(6, 93, (139.03806873912055, 37.87684016873795))])(120, [(0, 2, (139.0379959788284, 37.876353236656776))])
(101, [(0, 92, (139.03818494267907, 37.87658503098603))])
(183, [(0, 18, (139.0874511208533, 37.86936724922766))])


(101, [(4, 91, (139.03826430285426, 37.87640481310137))])(115, [(2, 0, (139.0379959788284, 37.876353236656776))])(183, [(0, 146, (139.03753303132706, 37.87626416747789))])

(177, [(49, 205, (139.1461827736846, 37.85415196809672))])(185, [(6, 166, (139.15403644604945, 37.85210851698381))])
(193, [(0, 73, (139.158218044254, 37.8756510101148))])
(191, [(3, 2, (139.00638741900553, 37.896102159847416))])



(173, [(55, 37, (139.0458354692053, 37.90841099384239))])(198, [(73, 44, (139.0486744973474, 37.9048055124361))])(233, [(45, 63, (139.04251169988277, 37.913165023826444))])











(176, [(0, 82, (139.12741876497958, 37.92151628452959))])
(176, [(0, 81, (139.12670245411172, 37.92174219215425))])

(176, [(0, 81, (139.12687891986482, 37.921686093695996))])



(182, [(2, 76, (139.14408544009376, 37.89207004354357))])
(153, [(3, 0, (139.136509674682, 37.90970041500167))])(182, [(0, 23, (139.13678677078136, 37.909613250778534))])



(176, [(0, 81, (139.1266882403119, 37.92174671072083))])
(148, [(0, 3, (139.136509674682, 37.90970041500167))])


(231, [(33, 294, (139.14939297486043, 37.95294340284487))])
(187, [(0, 3, (139.15676775116768, 37.93750534585811)), (3, 5, (139.15694361126896, 37.9373430747889))])



(236, [(2, 8, (139.21424824102488, 37.95245612537135))])



(236, [(0, 7, (139.21411788408778, 37.95311321610259))])
(236, [(4, 6, (139.21406715675784, 37.953384628411335))])




(225, [(1, 95, (139.18361983414388, 37.94266259646877))])

(128, [(37, 55, (139.0458354692053, 37.90841099384239))])
(31, [(290, 109, (139.06385361051153, 37.784254131928826))])(175, [(62, 38, (139.02486790623848, 37.854488263326964))])(190, [(389, 125, (139.0665031879857, 37.755264029038415))])
(174, [(38, 62, (139.02486790623848, 37.854488263326964))])
(140, [(82, 0, (139.12741876497958, 37.92151628452959))])(141, [(81, 0, (139.12670245411172, 37.92174219215425))])(143, [(81, 0, (139.12687891986482, 37.921686093695996))])(152, [(81, 0, (139.1266882403119, 37.92174671072083))])(177, [(26, 22, (139.09228640048664, 37.92391302655746))])(225, [(142, 84, (139.18741834655458, 37.93653033305695))])(236, [(178, 24, (139.21583311703307, 37.94293150851796))])
(122, [(205, 49, (139.1461827736846, 37.85415196809672))])(176, [(22, 26, (139.09228640048664, 37.92391302655746))])(182, [(129, 136, (139.12736568930188, 37.8808441027681))])(193, [(172, 88, (139.1393834938134, 37.86623954215234))])(205, [(44, 46, (139.09767041245897, 37.912735033564324))])(222, [(62, 254, (139.10480840476592, 37.903500207448886))])
(82, [(371, 0, (139.11370338485108, 37.83991149830696))])(222, [(126, 178, (139.0912475574851, 37.89451830044534))])

(43, [(176, 1, (138.93680414420706, 37.748188230451845))])(44, [(176, 0, (138.93684779519464, 37.74820886831751))])(192, [(130, 506, (138.9510353374484, 37.734249419984764))])(211, [(50, 205, (138.98649793280686, 37.71043269145668))])(349, [(44, 1, (138.98810757189634, 37.70941897723985))])(362, [(16, 1, (139.00232068745652, 37.70650884273049))])(374, [(14, 1, (139.0044676281568, 37.705579419454544))])(422, [(38, 4, (138.9893575617084, 37.709047272692196))])(1205, [(164, 0, (138.93674223611555, 37.74385242148066))])(1206, [(170, 2, (138.93637024358628, 37.744968184564314))])(1207, [(171, 5, (138.93612167349474, 37.74592568997881))])(1210, [(173, 1, (138.93576989488804, 37.74727178898818))])(1437, [(133, 10, (138.9493672379794, 37.73540656075831))])(1447, [(136, 1, (138.9475181546105, 37.73663701440858))])
(188, [(43, 42, (139.1658919584235, 37.917012869492225))])
(147, [(76, 2, (139.14408544009376, 37.89207004354357))])(148, [(23, 0, (139.13678677078136, 37.909613250778534))])(177, [(136, 129, (139.12736568930188, 37.8808441027681))])
(101, [(86, 0, (139.05324946601377, 37.85681882907213)), (153, 99, (139.0371743741483, 37.87814941658334))])(104, [(86, 4, (139.05272163199484, 37.85672953192592))])(105, [(86, 0, (139.05306705942257, 37.8567879701516))])(108, [(17, 2, (139.08818583041236, 37.8696244886683))])(114, [(146, 3, (139.03745785697217, 37.87649762615928))])(117, [(18, 0, (139.0874511208533, 37.86936724922766))])(120, [(146, 0, (139.03753303132706, 37.87626416747789))])(198, [(177, 21, (139.02831048236732, 37.89907529200014))])
(90, [(159, 52, (138.97247477060003, 37.87521436655357))])(233, [(51, 193, (139.0113402000493, 37.89810796479371))])
(6, [(335, 2, (139.15121894659032, 37.80855820056108))])(122, [(166, 6, (139.15403644604945, 37.85210851698381))])(193, [(107, 73, (139.160245399234, 37.87668891007468))])
(236, [(181, 65, (139.22616052999396, 37.92374367015684))])
(157, [(3, 0, (139.15676775116768, 37.93750534585811)), (5, 3, (139.15694361126896, 37.9373430747889))])
(181, [(42, 43, (139.1658919584235, 37.917012869492225))])(193, [(178, 56, (139.17745334627668, 37.88473939307948))])

(174, [(125, 389, (139.0665031879857, 37.755264029038415))])
(124, [(2, 3, (139.00638741900553, 37.896102159847416))])
(31, [(404, 358, (138.96183687580304, 37.75780143854405))])(180, [(506, 130, (138.9510353374484, 37.734249419984764))])(201, [(521, 21, (138.9469428425513, 37.721164508134656))])(1425, [(510, 18, (138.95036735988032, 37.73209482031791))])(1430, [(498, 17, (138.95157615165203, 37.7379189491603))])(1435, [(495, 8, (138.95164364934536, 37.73992555827351))])(1436, [(475, 4, (138.95424595209263, 37.743808619458036))])(1446, [(505, 10, (138.95131974374752, 37.73555420284874))])(1454, [(508, 0, (138.9508007049948, 37.733477346113624))])(1482, [(513, 3, (138.94950321925137, 37.729342849903325))])(1483, [(511, 3, (138.94993786031642, 37.73072872057623))])
(123, [(73, 0, (139.158218044254, 37.8756510101148))])(177, [(88, 172, (139.1393834938134, 37.86623954215234))])(185, [(73, 107, (139.160245399234, 37.87668891007468))])(188, [(56, 178, (139.17745334627668, 37.88473939307948))])
(30, [(110, 52, (139.09639685635221, 37.835083319089165))])(75, [(273, 0, (139.06498909851246, 37.82934002270377))])
(210, [(85, 329, (139.0466956863456, 37.816331885957545))])
(61, [(140, 0, (138.9155355348554, 37.800319637004115))])(197, [(207, 32, (138.90916090502006, 37.81264569897783))])
(70, [(11, 51, (138.91644230348106, 37.81191910390965))])(71, [(37, 24, (138.9037245099027, 37.814687594887936))])(196, [(32, 207, (138.90916090502006, 37.81264569897783))])
(128, [(44, 73, (139.0486744973474, 37.9048055124361))])(183, [(21, 177, (139.02831048236732, 37.89907529200014))])


(41, [(17, 68, (138.956380430594, 37.7191672259923))])(192, [(21, 521, (138.9469428425513, 37.721164508134656))])
(42, [(0, 7, (138.91338295920653, 37.72318699064461))])(227, [(97, 46, (138.87766411056623, 37.72366849222448))])(623, [(106, 19, (138.87626807868412, 37.72381543872116))])(624, [(101, 2, (138.87684175440413, 37.7238027229634))])(881, [(192, 4, (138.85705903178658, 37.729057379756135))])(915, [(135, 2, (138.8687522042081, 37.72518191953694))])(983, [(95, 8, (138.8786139538688, 37.723567985025596))])(1285, [(10, 18, (138.91203830593588, 37.72300232740957))])
(37, [(330, 0, (138.7972478189584, 37.74003689137859))])(440, [(330, 113, (138.7972779388374, 37.740036204342864))])(797, [(8, 15, (138.83835247589474, 37.74472019092274))])

(177, [(46, 44, (139.09767041245897, 37.912735033564324))])


(277, [(37, 6, (138.98275301827675, 37.70722531460448))])(289, [(27, 12, (138.98322136656657, 37.7080075035582))])(340, [(184, 7, (138.96673118222324, 37.69987285693713))])

(31, [(129, 114, (139.05772294892193, 37.78263867922108))])(195, [(329, 85, (139.0466956863456, 37.816331885957545))])
(45, [(262, 44, (138.9966479207977, 37.72135706129317))])(180, [(205, 50, (138.98649793280686, 37.71043269145668))])(380, [(42, 4, (138.97994387375482, 37.682224833706954))])(381, [(41, 3, (138.97995672154804, 37.681976821914574))])(425, [(206, 1, (138.98691339426392, 37.71087323980714))])
(69, [(58, 0, (138.8920809086145, 37.829574528055716)), (61, 4, (138.89203811312055, 37.8297730909061))])(235, [(74, 355, (138.89250310812602, 37.83218058625474))])





(74, [(0, 0, (139.0630789368962, 37.83423440902899))])

(30, [(29, 42, (139.09578830655875, 37.8420728016376))])
(236, [(41, 90, (139.2303512221996, 37.91591223425818))])
(177, [(254, 62, (139.10480840476592, 37.903500207448886))])(178, [(178, 126, (139.0912475574851, 37.89451830044534))])
(227, [(43, 210, (138.88815519792476, 37.76501797905))])
(67, [(144, 0, (139.10903075741427, 37.76553524476433))])(68, [(143, 0, (139.10916770992276, 37.765709860797806))])
(171, [(95, 1, (139.18361983414388, 37.94266259646877))])(176, [(84, 142, (139.18741834655458, 37.93653033305695))])
(62, [(340, 77, (139.0106143867312, 37.77339272045847))])
(31, [(179, 639, (138.88535858150323, 37.75595803368618))])(32, [(127, 19, (138.8859679156909, 37.74661653869622))])(202, [(46, 97, (138.87766411056623, 37.72366849222448))])(223, [(210, 43, (138.88815519792476, 37.76501797905))])(483, [(180, 2, (138.88533090474863, 37.75649382376875))])(559, [(117, 11, (138.88446154890116, 37.742723386420735))])(609, [(10, 28, (138.87527489644592, 37.71457910437105))])(623, [(43, 33, (138.87757308134266, 37.72286580246143))])(1043, [(52, 8, (138.87793733035664, 37.72636646303393))])(1045, [(49, 6, (138.8777871644941, 37.72483530975171))])



(28, [(350, 320, (139.15384799025387, 37.94303053771038))])(156, [(294, 33, (139.14939297486043, 37.95294340284487))])

(128, [(63, 45, (139.04251169988277, 37.913165023826444))])(184, [(193, 51, (139.0113402000493, 37.89810796479371))])
(235, [(152, 56, (138.98680068104358, 37.85352431679039))])
(212, [(355, 74, (138.89250310812602, 37.83218058625474))])(234, [(56, 152, (138.98680068104358, 37.85352431679039))])
(161, [(8, 2, (139.21424824102488, 37.95245612537135))])(165, [(7, 0, (139.21411788408778, 37.95311321610259))])(166, [(6, 4, (139.21406715675784, 37.953384628411335))])(176, [(24, 178, (139.21583311703307, 37.94293150851796))])(186, [(65, 181, (139.22616052999396, 37.92374367015684))])(221, [(90, 41, (139.2303512221996, 37.91591223425818))])












(263, [(3, 4, (138.95548899933678, 37.70921474436634))])

(252, [(3, 4, (138.9570074126296, 37.7073770389799))])
(251, [(4, 3, (138.9570074126296, 37.7073770389799))])










(249, [(4, 3, (138.95548899933678, 37.70921474436634))])









(305, [(10, 7, (138.9687090075059, 37.70606121291752))])
(275, [(1, 4, (138.98164723202123, 37.70610632135958))])(278, [(4, 4, (138.9807330502821, 37.70638352090376))])(310, [(5, 33, (138.97992108428133, 37.70665853718628))])
(274, [(4, 1, (138.98164723202123, 37.70610632135958))])

(208, [(6, 37, (138.98275301827675, 37.70722531460448))])
(274, [(4, 4, (138.9807330502821, 37.70638352090376))])(289, [(7, 26, (138.98019660050042, 37.70841473899489))])(310, [(6, 35, (138.98048024872662, 37.70734450750292))])










(208, [(12, 27, (138.98322136656657, 37.7080075035582))])(278, [(26, 7, (138.98019660050042, 37.70841473899489))])



(294, [(0, 5, (138.9665515581253, 37.692695745917575))])
(35, [(4, 27, (138.9729856755588, 37.69332232691195))])(293, [(5, 0, (138.9665515581253, 37.692695745917575))])(316, [(0, 52, (138.97649214726974, 37.69351649516689))])(326, [(2, 10, (138.97441331128977, 37.693470948898444))])
(322, [(7, 5, (138.97389523789124, 37.688161527079345))])(326, [(4, 4, (138.97520036834595, 37.68827071726746))])(328, [(3, 10, (138.97623507504773, 37.68836802168946))])

(346, [(0, 2, (138.97329802502264, 37.691408711099264))])

(326, [(1, 3, (138.97549650863712, 37.68637196487355))])

(314, [(4, 0, (138.98127549961308, 37.69909542156704))])(320, [(3, 1, (138.97955934348312, 37.697533371349806))])(324, [(0, 0, (138.97782145020065, 37.69594130421179))])
(326, [(2, 20, (138.97419161840196, 37.69502554784465))])


(273, [(7, 10, (138.9687090075059, 37.70606121291752))])(311, [(2, 4, (138.96754752648886, 37.70199307623868))])(321, [(4, 0, (138.9681253258009, 37.704018892595535))])

(35, [(4, 17, (138.97226882389955, 37.697543614306554))])


(274, [(33, 5, (138.97992108428133, 37.70665853718628))])(278, [(35, 6, (138.98048024872662, 37.70734450750292))])
(305, [(4, 2, (138.96754752648886, 37.70199307623868))])
(314, [(4, 7, (138.97764267396997, 37.70160563372392))])(320, [(3, 3, (138.97592867643658, 37.70004241663493))])(327, [(6, 3, (138.9787986674631, 37.703018702677156))])

(301, [(0, 4, (138.98127549961308, 37.69909542156704))])(312, [(7, 4, (138.97764267396997, 37.70160563372392))])(326, [(4, 34, (138.9794262839752, 37.700378887315594))])

(35, [(60, 44, (138.97551309576477, 37.69101153006626))])(294, [(52, 0, (138.97649214726974, 37.69351649516689))])(342, [(51, 7, (138.9767057547057, 37.69402346701154))])



(301, [(1, 3, (138.97955934348312, 37.697533371349806))])(312, [(3, 3, (138.97592867643658, 37.70004241663493))])(326, [(2, 32, (138.97770590842117, 37.69881867031299))])
(305, [(0, 4, (138.9681253258009, 37.704018892595535))])
(295, [(5, 7, (138.97389523789124, 37.688161527079345))])

(301, [(0, 0, (138.97782145020065, 37.69594130421179))])

(35, [(8, 43, (138.97475895392438, 37.69117191118745))])(294, [(10, 2, (138.97441331128977, 37.693470948898444))])(295, [(4, 4, (138.97520036834595, 37.68827071726746))])(299, [(3, 1, (138.97549650863712, 37.68637196487355))])(302, [(20, 2, (138.97419161840196, 37.69502554784465))])(314, [(34, 4, (138.9794262839752, 37.700378887315594))])(320, [(32, 2, (138.97770590842117, 37.69881867031299))])(327, [(46, 5, (138.98084833747245, 37.70311640929268))])(330, [(5, 3, (138.97508415656094, 37.689055949542585))])(342, [(16, 15, (138.97442515448049, 37.69440559790039))])(346, [(9, 0, (138.97470491515253, 37.6915461517352))])
(312, [(3, 6, (138.9787986674631, 37.703018702677156))])(326, [(5, 46, (138.98084833747245, 37.70311640929268))])
(295, [(10, 3, (138.97623507504773, 37.68836802168946))])

(326, [(3, 5, (138.97508415656094, 37.689055949542585))])


(335, [(1, 0, (138.98228035568897, 37.701727672342564)), (1, 6, (138.98268117817378, 37.701750423207876))])

(333, [(0, 1, (138.98228035568897, 37.701727672342564)), (6, 1, (138.98268117817378, 37.701750423207876))])




(208, [(7, 184, (138.96673118222324, 37.69987285693713))])

(316, [(7, 51, (138.9767057547057, 37.69402346701154))])(326, [(15, 16, (138.97442515448049, 37.69440559790039))])



(35, [(1, 39, (138.97369334663315, 37.691447753630015))])(297, [(2, 0, (138.97329802502264, 37.691408711099264))])(326, [(0, 9, (138.97470491515253, 37.6915461517352))])

(349, [(5, 112, (138.9809431229043, 37.693731074809435))])(377, [(7, 61, (138.98357199656803, 37.69366939988493))])(405, [(7, 15, (138.98357199656803, 37.69366939988493))])
(180, [(1, 44, (138.98810757189634, 37.70941897723985))])(348, [(112, 5, (138.9809431229043, 37.693731074809435))])(379, [(149, 4, (138.98044957979715, 37.68620452085205))])(380, [(169, 8, (138.9814901407573, 37.682417334512415))])(381, [(169, 13, (138.98152396188047, 37.68235431155123))])(409, [(87, 4, (138.98463347152392, 37.69639590861923))])(417, [(49, 6, (138.9874891726246, 37.70303562007994))])












(180, [(1, 16, (139.00232068745652, 37.70650884273049))])











(180, [(1, 14, (139.0044676281568, 37.705579419454544))])(426, [(5, 3, (139.00453423776133, 37.70631340308382))])


(348, [(61, 7, (138.98357199656803, 37.69366939988493))])(405, [(54, 23, (138.98430972238725, 37.69448705224666)), (69, 7, (138.9833129544102, 37.69140781679816))])(410, [(42, 4, (138.98729506248017, 37.69708530216456))])

(349, [(4, 149, (138.98044957979715, 37.68620452085205))])
(211, [(4, 42, (138.97994387375482, 37.682224833706954))])(349, [(8, 169, (138.9814901407573, 37.682417334512415))])(381, [(10, 16, (138.98195178253573, 37.68250127142848))])(382, [(21, 2, (138.98215349492716, 37.6847349668858))])
(211, [(3, 41, (138.97995672154804, 37.681976821914574))])(349, [(13, 169, (138.98152396188047, 37.68235431155123))])(380, [(16, 10, (138.98195178253573, 37.68250127142848))])(399, [(19, 4, (138.98247970580715, 37.68282826978866))])
(380, [(2, 21, (138.98215349492716, 37.6847349668858))])




(34, [(9, 20, (138.98780948282993, 37.68076315163749))])
(34, [(3, 3, (138.98403400972512, 37.68057954837368))])(400, [(12, 6, (138.98634111355207, 37.68126337468775))])

(392, [(53, 3, (138.9797661123864, 37.6807680294229))])(394, [(33, 3, (138.98200346260973, 37.680305293061764))])

(390, [(3, 53, (138.9797661123864, 37.6807680294229))])
(36, [(3, 3, (138.98140375819366, 37.68120799182899))])
(390, [(3, 33, (138.98200346260973, 37.680305293061764))])




(381, [(4, 19, (138.98247970580715, 37.68282826978866))])
(388, [(6, 12, (138.98634111355207, 37.68126337468775))])




(348, [(15, 7, (138.98357199656803, 37.69366939988493))])(377, [(7, 69, (138.9833129544102, 37.69140781679816)), (23, 54, (138.98430972238725, 37.69448705224666))])



(349, [(4, 87, (138.98463347152392, 37.69639590861923))])
(377, [(4, 42, (138.98729506248017, 37.69708530216456))])






(349, [(6, 49, (138.9874891726246, 37.70303562007994))])




(180, [(4, 38, (138.9893575617084, 37.709047272692196))])(425, [(7, 5, (138.9894639115426, 37.70961741465171))])


(211, [(1, 206, (138.98691339426392, 37.71087323980714))])(422, [(5, 7, (138.9894639115426, 37.70961741465171))])
(374, [(3, 5, (139.00453423776133, 37.70631340308382))])













(203, [(113, 330, (138.7972779388374, 37.740036204342864))])(446, [(105, 2, (138.7971857194156, 37.73847289536162))])





(440, [(2, 105, (138.7971857194156, 37.73847289536162))])
















(29, [(1, 86, (138.78962430193727, 37.72162728985254)), (8, 87, (138.7905273615995, 37.72240422213655))])
(29, [(5, 188, (138.7992544651678, 37.745971011850706))])



(481, [(16, 3, (138.88846225497377, 37.74994739701886))])









(32, [(7, 8, (138.89087831421276, 37.74671483809072))])

(481, [(11, 4, (138.88844407129847, 37.74968400015763))])
(468, [(3, 16, (138.88846225497377, 37.74994739701886))])(480, [(4, 11, (138.88844407129847, 37.74968400015763))])

(227, [(2, 180, (138.88533090474863, 37.75649382376875))])
(593, [(9, 1, (138.88740969693552, 37.75501374009387))])









(496, [(15, 2, (138.838129299952, 37.75567700746641))])

(494, [(2, 15, (138.838129299952, 37.75567700746641))])


(553, [(1, 10, (138.8851917381935, 37.74587556906096))])
(555, [(6, 2, (138.88412835014805, 37.75293075022189))])(582, [(2, 15, (138.8852163051626, 37.752628667816936))])

(503, [(6, 3, (138.84264610790822, 37.754051993600235))])
(502, [(3, 6, (138.84264610790822, 37.754051993600235))])
(31, [(11, 838, (138.846124677208, 37.7537576629158)), (12, 838, (138.84604892706693, 37.753779607608074)), (14, 838, (138.84586128193888, 37.753833968095606))])
(31, [(31, 852, (138.84371902435385, 37.75493761931506))])(506, [(13, 31, (138.8446958307006, 37.752763357649464)), (13, 32, (138.84468758734684, 37.75276045841433)), (14, 32, (138.84458574889246, 37.75272433914692))])
(505, [(31, 13, (138.8446958307006, 37.752763357649464)), (32, 13, (138.84468758734684, 37.75276045841433)), (32, 14, (138.84458574889246, 37.75272433914692))])








(31, [(5, 782, (138.85960865912432, 37.75412116540418))])(522, [(9, 14, (138.86064387299353, 37.75326613593966))])
(31, [(24, 802, (138.85375497150415, 37.751356721299274))])(517, [(11, 1, (138.85466076372396, 37.75285441817023))])(522, [(27, 7, (138.8558524883606, 37.749624001759756))])(523, [(26, 3, (138.8549812168302, 37.750348715285654))])
(516, [(1, 11, (138.85466076372396, 37.75285441817023))])




(32, [(7, 82, (138.8546243353829, 37.74869061155668))])(39, [(5, 9, (138.85054647098556, 37.74963796115289))])(515, [(14, 9, (138.86064387299353, 37.75326613593966))])(516, [(7, 27, (138.8558524883606, 37.749624001759756))])(524, [(7, 2, (138.85462709000177, 37.748692705053394))])(525, [(10, 1, (138.85842209468427, 37.75157318103921))])(529, [(16, 0, (138.86144968510789, 37.75388485251801))])
(32, [(4, 84, (138.8537498818001, 37.74941385561281))])(516, [(3, 26, (138.8549812168302, 37.750348715285654))])(524, [(4, 2, (138.85374415303644, 37.74941004758762))])(525, [(1, 0, (138.85754530264504, 37.75229745945763))])
(32, [(0, 88, (138.85242089152072, 37.750530673538464)), (2, 83, (138.85435428078196, 37.748914349026286))])(522, [(2, 7, (138.85462709000177, 37.748692705053394))])(523, [(2, 4, (138.85374415303644, 37.74941004758762))])
(522, [(1, 10, (138.85842209468427, 37.75157318103921))])(523, [(0, 1, (138.85754530264504, 37.75229745945763))])

(31, [(9, 769, (138.86323174363903, 37.75605527743423))])
(31, [(7, 774, (138.8614606086677, 37.755098061469546))])
(522, [(0, 16, (138.86144968510789, 37.75388485251801))])




(610, [(24, 35, (138.87385009550675, 37.74420676237588)), (27, 37, (138.8741758406766, 37.74400030027067)), (28, 38, (138.87442509912808, 37.74381050360547)), (28, 39, (138.8748629489854, 37.743481935659936)), (29, 40, (138.87526369762986, 37.74318576967137)), (31, 41, (138.8756706562138, 37.74279481601536)), (32, 43, (138.8759183106198, 37.74250073517764)), (33, 44, (138.87595325196534, 37.7424556517062))])


(576, [(22, 19, (138.88123195167208, 37.734209256094914))])
(576, [(4, 11, (138.88134775264115, 37.73502912651088))])(602, [(9, 8, (138.88281019743565, 37.73537700992557))])



(590, [(11, 4, (138.8880543555291, 37.7490812587603))])

(32, [(1, 15, (138.88711557501134, 37.746498231464166))])
(554, [(3, 7, (138.88537053506434, 37.74153976450825)), (5, 8, (138.8854248209218, 37.74152813287231))])(559, [(2, 1, (138.8858205834756, 37.74200809192404))])






(555, [(7, 19, (138.88206139495597, 37.74911928704964))])(560, [(1, 10, (138.88446744938034, 37.74830809282744))])(562, [(10, 1, (138.87963671753872, 37.74993854851944))])(572, [(8, 3, (138.88083340944348, 37.749532186235726))])
(499, [(10, 1, (138.8851917381935, 37.74587556906096))])
(545, [(7, 3, (138.88537053506434, 37.74153976450825)), (8, 5, (138.8854248209218, 37.74152813287231))])
(32, [(21, 25, (138.88142809073926, 37.74793682168943))])(500, [(2, 6, (138.88412835014805, 37.75293075022189))])(552, [(19, 7, (138.88206139495597, 37.74911928704964))])(581, [(13, 7, (138.88273924321086, 37.75037649732412))])(582, [(23, 61, (138.88087135597408, 37.74691255025388))])(587, [(6, 1, (138.8836170958043, 37.751975231931034))])


(32, [(3, 25, (138.8826379966931, 37.74752620529808))])(582, [(5, 59, (138.88208224535055, 37.746499612003014))])
(227, [(11, 117, (138.88446154890116, 37.742723386420735))])(545, [(1, 2, (138.8858205834756, 37.74200809192404))])(586, [(5, 3, (138.8854167383125, 37.742136097904634))])
(32, [(13, 23, (138.88383472350662, 37.747121889159054))])(552, [(10, 1, (138.88446744938034, 37.74830809282744))])(584, [(7, 0, (138.88497749407586, 37.7492604658017))])

(32, [(5, 27, (138.87900286852113, 37.74876066152971))])(552, [(1, 10, (138.87963671753872, 37.74993854851944))])(582, [(7, 66, (138.87844942893398, 37.747734941421754))])




(570, [(3, 1, (138.88503860439596, 37.75073387287802))])(574, [(7, 1, (138.88467530137294, 37.75010041729455))])(581, [(8, 1, (138.88450660168644, 37.74978747268795))])(584, [(9, 1, (138.88433921887827, 37.74947684649522))])(587, [(0, 0, (138.88538509907005, 37.75138084391174))])(588, [(11, 0, (138.88416301321527, 37.74914997060202))])(589, [(1, 1, (138.88520864179617, 37.75105341530421))])


(567, [(1, 3, (138.88503860439596, 37.75073387287802))])(583, [(3, 5, (138.88422744611475, 37.7510084876628))])

(32, [(5, 26, (138.88020894008054, 37.74835100776582))])(552, [(3, 8, (138.88083340944348, 37.749532186235726))])(582, [(8, 63, (138.8796640382104, 37.747320721203586))])

(567, [(1, 7, (138.88467530137294, 37.75010041729455))])

(537, [(19, 22, (138.88123195167208, 37.734209256094914))])(538, [(11, 4, (138.88134775264115, 37.73502912651088))])(602, [(1, 13, (138.8818231580844, 37.73596105827378))])




(555, [(7, 13, (138.88273924321086, 37.75037649732412))])(567, [(1, 8, (138.88450660168644, 37.74978747268795))])
(32, [(49, 23, (138.88407348398064, 37.74704543385228))])(500, [(15, 2, (138.8852163051626, 37.752628667816936))])(555, [(61, 23, (138.88087135597408, 37.74691255025388))])(558, [(59, 5, (138.88208224535055, 37.746499612003014))])(562, [(66, 7, (138.87844942893398, 37.747734941421754))])(572, [(63, 8, (138.8796640382104, 37.747320721203586))])
(570, [(5, 3, (138.88422744611475, 37.7510084876628))])(585, [(1, 1, (138.88474405275133, 37.751959995875524))])(587, [(3, 0, (138.88457642700118, 37.75165577949826))])(589, [(4, 3, (138.88439965983383, 37.751331157523225))])
(560, [(0, 7, (138.88497749407586, 37.7492604658017))])(567, [(1, 9, (138.88433921887827, 37.74947684649522))])
(583, [(1, 1, (138.88474405275133, 37.751959995875524))])
(559, [(3, 5, (138.8854167383125, 37.742136097904634))])
(555, [(1, 6, (138.8836170958043, 37.751975231931034))])(567, [(0, 0, (138.88538509907005, 37.75138084391174))])(583, [(0, 3, (138.88457642700118, 37.75165577949826))])
(567, [(0, 11, (138.88416301321527, 37.74914997060202))])
(567, [(1, 1, (138.88520864179617, 37.75105341530421))])(583, [(3, 4, (138.88439965983383, 37.751331157523225))])
(542, [(4, 11, (138.8880543555291, 37.7490812587603))])


(484, [(1, 9, (138.88740969693552, 37.75501374009387))])(596, [(1, 11, (138.88738521536445, 37.75449715543167))])

(596, [(6, 7, (138.88833113143437, 37.75448117344337))])(599, [(18, 4, (138.8877916692822, 37.75247511896485))])
(593, [(11, 1, (138.88738521536445, 37.75449715543167))])(595, [(7, 6, (138.88833113143437, 37.75448117344337))])


(595, [(4, 18, (138.8877916692822, 37.75247511896485))])


(538, [(8, 9, (138.88281019743565, 37.73537700992557))])(576, [(13, 1, (138.8818231580844, 37.73596105827378))])



(770, [(6, 10, (138.8352294977206, 37.745969787010985))])


(227, [(28, 10, (138.87527489644592, 37.71457910437105))])(1016, [(35, 6, (138.87713836242668, 37.7145305421711))])
(32, [(4, 65, (138.85913767404526, 37.746897176358175))])(534, [(35, 24, (138.87385009550675, 37.74420676237588)), (37, 27, (138.8741758406766, 37.74400030027067)), (38, 28, (138.87442509912808, 37.74381050360547)), (39, 28, (138.8748629489854, 37.743481935659936)), (40, 29, (138.87526369762986, 37.74318576967137)), (41, 31, (138.8756706562138, 37.74279481601536)), (43, 32, (138.8759183106198, 37.74250073517764)), (44, 33, (138.87595325196534, 37.7424556517062))])(922, [(9, 62, (138.8628270303296, 37.745871264269205))])(934, [(18, 20, (138.86763402975518, 37.74622359381995))])(964, [(35, 13, (138.87365687384732, 37.74426781738236))])
(622, [(11, 29, (138.88674725472467, 37.714001683619166))])

(819, [(4, 10, (138.84597169770058, 37.74030244452276))])
(39, [(10, 109, (138.84341194955823, 37.73241630925519))])
(39, [(6, 198, (138.83539429561802, 37.71556502748388))])(861, [(8, 2, (138.83574710233762, 37.71555790279033))])(868, [(45, 20, (138.84397570044032, 37.71886036013298)), (46, 23, (138.84409684717525, 37.71920411916213))])(870, [(43, 6, (138.84377161608703, 37.718453479138105))])

(763, [(15, 1, (138.87246846146914, 37.72105074317735))])(885, [(48, 16, (138.8572827178537, 37.72282543137845))])(912, [(22, 14, (138.86740106545315, 37.72123357900798))])(914, [(40, 13, (138.86068027179346, 37.72322338397385))])(1014, [(3, 6, (138.87626996050068, 37.721492456045596))])

(934, [(6, 8, (138.866025626562, 37.73711621893022))])
(922, [(4, 39, (138.86094598399916, 37.73816467572697))])
(1025, [(10, 6, (138.87842832267322, 37.71828887999157))])(1035, [(8, 1, (138.87844045015618, 37.72000877384433))])
(611, [(29, 11, (138.88674725472467, 37.714001683619166))])(1025, [(22, 12, (138.88651581869397, 37.71828331427714))])(1055, [(16, 2, (138.88148412333527, 37.71938235737412))])
(202, [(19, 106, (138.87626807868412, 37.72381543872116))])(227, [(33, 43, (138.87757308134266, 37.72286580246143))])(983, [(37, 7, (138.8785268684707, 37.72281429225859))])
(202, [(2, 101, (138.87684175440413, 37.7238027229634))])(1043, [(9, 6, (138.87709578002512, 37.72640458514772))])(1045, [(4, 4, (138.87695844941882, 37.72492378233379))])(1046, [(3, 4, (138.87691581754996, 37.724486721573996))])











(858, [(3, 13, (138.8351596399903, 37.71671027859099))])































(934, [(3, 21, (138.867630656691, 37.74736316177806)), (4, 20, (138.8676361719953, 37.74625310143439))])














(685, [(1, 1, (138.87513220440312, 37.720300494804626))])

(683, [(1, 1, (138.87513220440312, 37.720300494804626))])(1006, [(1, 2, (138.87515010514264, 37.72059971763468))])(1008, [(2, 2, (138.8750743364763, 37.71935975501147))])(1009, [(2, 2, (138.8750937023494, 37.71967074932313))])(1010, [(2, 2, (138.875113220359, 37.71998418677689))])





(1030, [(1, 2, (138.87796764069154, 37.71884081254579))])(1031, [(1, 2, (138.87750567403413, 37.71884407301996))])





























































(1061, [(1, 2, (138.88510543519018, 37.72490316295013))])









(617, [(1, 15, (138.87246846146914, 37.72105074317735))])






(606, [(10, 6, (138.8352294977206, 37.745969787010985))])


(776, [(5, 18, (138.8350573879782, 37.74404801269693))])


(773, [(18, 5, (138.8350573879782, 37.74404801269693))])
(779, [(3, 3, (138.83529739636668, 37.743534642821814))])

(777, [(3, 3, (138.83529739636668, 37.743534642821814))])




(797, [(10, 12, (138.83874075512088, 37.74196302740551)), (11, 13, (138.8377975141313, 37.74208998912453))])












(203, [(15, 8, (138.83835247589474, 37.74472019092274))])(784, [(12, 10, (138.83874075512088, 37.74196302740551)), (13, 11, (138.8377975141313, 37.74208998912453))])(968, [(17, 50, (138.83910814444593, 37.748185827103796))])

(800, [(4, 2, (138.83924080470152, 37.73621734434709))])
(799, [(2, 4, (138.83924080470152, 37.73621734434709))])




(807, [(2, 2, (138.84701008640118, 37.74441552476746))])

(805, [(2, 2, (138.84701008640118, 37.74441552476746))])







(39, [(5, 73, (138.84453542846907, 37.742155161552134))])



(39, [(14, 82, (138.84498188153393, 37.7404949164182))])(613, [(10, 4, (138.84597169770058, 37.74030244452276))])(935, [(1, 28, (138.85737842991713, 37.73810344342089))])
(821, [(1, 1, (138.84094170436106, 37.73909813397237))])
(820, [(1, 1, (138.84094170436106, 37.73909813397237))])







(831, [(4, 3, (138.8464186796361, 37.73588762163173))])
(968, [(4, 23, (138.85726036738527, 37.74279874337961))])
(39, [(2, 102, (138.8447439859647, 37.73621252194903))])(829, [(3, 4, (138.8464186796361, 37.73588762163173))])(877, [(10, 9, (138.85464666458918, 37.73429809377029))])(922, [(13, 20, (138.85755544042786, 37.733741735574306))])
(864, [(15, 3, (138.84517009638617, 37.72660292235093))])(865, [(4, 7, (138.843502954725, 37.72159793174165))])







(845, [(7, 4, (138.83933728697076, 37.72552215718788))])




(39, [(14, 137, (138.8419728554082, 37.7271492609198))])(840, [(4, 7, (138.83933728697076, 37.72552215718788))])
(39, [(4, 143, (138.84248478196037, 37.726138139773425))])











(636, [(13, 3, (138.8351596399903, 37.71671027859099))])


(615, [(2, 8, (138.83574710233762, 37.71555790279033))])(862, [(7, 5, (138.83581359136673, 37.71504632263333))])
(861, [(5, 7, (138.83581359136673, 37.71504632263333))])

(832, [(3, 15, (138.84517009638617, 37.72660292235093))])
(832, [(7, 4, (138.843502954725, 37.72159793174165))])


(615, [(20, 45, (138.84397570044032, 37.71886036013298)), (23, 46, (138.84409684717525, 37.71920411916213))])
(870, [(2, 6, (138.8449433676287, 37.7180714091711))])
(615, [(6, 43, (138.84377161608703, 37.718453479138105))])(869, [(6, 2, (138.8449433676287, 37.7180714091711))])






(831, [(9, 10, (138.85464666458918, 37.73429809377029))])(879, [(2, 8, (138.8535891866255, 37.73089208010914))])

(877, [(8, 2, (138.8535891866255, 37.73089208010914))])
(881, [(3, 2, (138.8568888480163, 37.72848647362827))])
(202, [(4, 192, (138.85705903178658, 37.729057379756135))])(880, [(2, 3, (138.8568888480163, 37.72848647362827))])(922, [(12, 10, (138.85796144388212, 37.730193008050556))])
(918, [(12, 6, (138.85551154597658, 37.72422059404392))])


(617, [(16, 48, (138.8572827178537, 37.72282543137845))])(918, [(17, 6, (138.85761339918096, 37.72376394810032))])

(929, [(4, 3, (138.85974768040154, 37.733049806363404))])
























(617, [(14, 22, (138.86740106545315, 37.72123357900798))])

(617, [(13, 40, (138.86068027179346, 37.72322338397385))])
(202, [(2, 135, (138.8687522042081, 37.72518191953694))])


(882, [(6, 12, (138.85551154597658, 37.72422059404392))])(885, [(6, 17, (138.85761339918096, 37.72376394810032))])


(924, [(1, 3, (138.85886224258454, 37.73087611318671))])
(32, [(84, 45, (138.8646666425661, 37.74954073960263))])(610, [(62, 9, (138.8628270303296, 37.745871264269205))])(620, [(39, 4, (138.86094598399916, 37.73816467572697))])(831, [(20, 13, (138.85755544042786, 37.733741735574306))])(881, [(10, 12, (138.85796144388212, 37.730193008050556))])(968, [(51, 10, (138.86226393306038, 37.74146873153708))])

(921, [(3, 1, (138.85886224258454, 37.73087611318671))])




(887, [(3, 4, (138.85974768040154, 37.733049806363404))])
(980, [(10, 1, (138.87678729180243, 37.73462056042501))])(981, [(11, 0, (138.8770767003615, 37.73509834528555))])


(934, [(2, 1, (138.86448444498126, 37.73209391445021))])
(610, [(20, 18, (138.86763402975518, 37.74622359381995))])(619, [(8, 6, (138.866025626562, 37.73711621893022))])(668, [(20, 4, (138.8676361719953, 37.74625310143439)), (21, 3, (138.867630656691, 37.74736316177806))])(933, [(1, 2, (138.86448444498126, 37.73209391445021))])(946, [(19, 10, (138.86765125485056, 37.74445267827516))])(950, [(17, 3, (138.86766251173125, 37.74284005538688))])(968, [(11, 4, (138.86692726637608, 37.74006641980567))])
(819, [(28, 1, (138.85737842991713, 37.73810344342089))])(936, [(35, 4, (138.85716055894935, 37.73718775939632)), (36, 2, (138.85717790237777, 37.73714751703902))])
(935, [(2, 36, (138.85717790237777, 37.73714751703902)), (4, 35, (138.85716055894935, 37.73718775939632))])




(946, [(16, 7, (138.86460759737056, 37.744442328778845))])(950, [(12, 13, (138.86451733901302, 37.7431920619778))])(968, [(7, 7, (138.86435583442798, 37.741049531735655))])


(945, [(1, 1, (138.8638472857225, 37.745514382700236))])
(944, [(1, 1, (138.8638472857225, 37.745514382700236))])(946, [(9, 4, (138.86396485414988, 37.74447296348729))])
(934, [(10, 19, (138.86765125485056, 37.74445267827516))])(941, [(7, 16, (138.86460759737056, 37.744442328778845))])(945, [(4, 9, (138.86396485414988, 37.74447296348729))])
(948, [(2, 3, (138.8631833660934, 37.74497207447774))])
(947, [(3, 2, (138.8631833660934, 37.74497207447774))])

(934, [(3, 17, (138.86766251173125, 37.74284005538688))])(941, [(13, 12, (138.86451733901302, 37.7431920619778))])(1082, [(6, 2, (138.86694074565767, 37.74295474313491))])













(32, [(30, 33, (138.87643679659536, 37.749530052008915))])(610, [(13, 35, (138.87365687384732, 37.74426781738236))])



(39, [(36, 34, (138.84595215732054, 37.74678431981016))])(797, [(50, 17, (138.83910814444593, 37.748185827103796))])(830, [(23, 4, (138.85726036738527, 37.74279874337961))])(922, [(10, 51, (138.86226393306038, 37.74146873153708))])(934, [(4, 11, (138.86692726637608, 37.74006641980567))])(941, [(7, 7, (138.86435583442798, 37.741049531735655))])(969, [(2, 17, (138.87085261742553, 37.73872675212938))])
(968, [(17, 2, (138.87085261742553, 37.73872675212938))])

(976, [(4, 2, (138.86999443862518, 37.7378686534209))])




(971, [(2, 4, (138.86999443862518, 37.7378686534209))])



(930, [(1, 10, (138.87678729180243, 37.73462056042501))])
(930, [(0, 11, (138.8770767003615, 37.73509834528555))])

(202, [(8, 95, (138.8786139538688, 37.723567985025596))])(623, [(7, 37, (138.8785268684707, 37.72281429225859))])(1043, [(13, 10, (138.87888440586212, 37.726308409570336))])(1045, [(10, 6, (138.87873192500686, 37.72476712498889))])









(999, [(1, 2, (138.87471804530546, 37.72387810484726))])





(993, [(2, 1, (138.87471804530546, 37.72387810484726))])






(685, [(2, 1, (138.87515010514264, 37.72059971763468))])

(685, [(2, 2, (138.8750743364763, 37.71935975501147))])
(685, [(2, 2, (138.8750937023494, 37.71967074932313))])
(685, [(2, 2, (138.875113220359, 37.71998418677689))])


(1014, [(2, 10, (138.87633630386915, 37.71996098452638))])
(617, [(6, 3, (138.87626996050068, 37.721492456045596))])(1013, [(10, 2, (138.87633630386915, 37.71996098452638))])

(609, [(6, 35, (138.87713836242668, 37.7145305421711))])








(621, [(6, 10, (138.87842832267322, 37.71828887999157))])(622, [(12, 22, (138.88651581869397, 37.71828331427714))])




(691, [(2, 1, (138.87796764069154, 37.71884081254579))])
(691, [(2, 1, (138.87750567403413, 37.71884407301996))])



(621, [(1, 8, (138.87844045015618, 37.72000877384433))])







(227, [(8, 52, (138.87793733035664, 37.72636646303393))])(624, [(6, 9, (138.87709578002512, 37.72640458514772))])(983, [(10, 13, (138.87888440586212, 37.726308409570336))])(1047, [(4, 4, (138.8762390371444, 37.7264553223894))])

(227, [(6, 49, (138.8777871644941, 37.72483530975171))])(624, [(4, 4, (138.87695844941882, 37.72492378233379))])(983, [(6, 10, (138.87873192500686, 37.72476712498889))])(1049, [(10, 3, (138.87958191475593, 37.72442331771484))])
(624, [(4, 3, (138.87691581754996, 37.724486721573996))])
(1043, [(4, 4, (138.8762390371444, 37.7264553223894))])

(1045, [(3, 10, (138.87958191475593, 37.72442331771484))])
(1052, [(7, 2, (138.8812644943758, 37.725801021978654))])

(1050, [(2, 7, (138.8812644943758, 37.725801021978654))])


(622, [(2, 16, (138.88148412333527, 37.71938235737412))])
(1057, [(3, 1, (138.88390131065466, 37.72155099665579))])
(1056, [(1, 3, (138.88390131065466, 37.72155099665579))])


(1061, [(2, 2, (138.88507641350165, 37.72527676497151))])
(753, [(2, 1, (138.88510543519018, 37.72490316295013))])(1060, [(2, 2, (138.88507641350165, 37.72527676497151))])




















(950, [(2, 6, (138.86694074565767, 37.74295474313491))])






(1090, [(1, 1, (138.94171983551544, 37.74416433457689))])
(1089, [(1, 1, (138.94171983551544, 37.74416433457689))])

(1095, [(6, 2, (138.9412423092461, 37.74677407502404))])(1157, [(1, 1, (138.94074197129743, 37.74868601339974))])


(1092, [(2, 6, (138.9412423092461, 37.74677407502404))])




(1101, [(9, 3, (138.94469885055156, 37.74828422567869))])(1106, [(7, 8, (138.9443173758341, 37.74921694575754))])(1154, [(12, 8, (138.94507738543894, 37.747360478871414))])
(1100, [(3, 9, (138.94469885055156, 37.74828422567869))])(1185, [(1, 2, (138.94357774669288, 37.74799498601141))])

(1154, [(8, 2, (138.94351453227554, 37.747006340230804))])


(1100, [(8, 7, (138.9443173758341, 37.74921694575754))])(1185, [(9, 1, (138.94319387259904, 37.748929089930215))])




(1179, [(2, 3, (138.94603252704727, 37.7532404274791))])
(1179, [(2, 6, (138.9459018838669, 37.753714874958504))])



(1118, [(14, 11, (138.9473571663671, 37.75430123789154))])
(1118, [(14, 20, (138.94649219846207, 37.75456176167252))])
(1116, [(11, 14, (138.9473571663671, 37.75430123789154))])(1117, [(20, 14, (138.94649219846207, 37.75456176167252))])(1179, [(23, 10, (138.9458713395519, 37.75458195943166))])
(1121, [(1, 0, (138.95056390921772, 37.75433030636537))])

(1119, [(0, 1, (138.95056390921772, 37.75433030636537))])




(1150, [(1, 3, (138.95873606222014, 37.75196338350132))])





(1161, [(2, 7, (138.95208381056662, 37.749890365512805))])

(1161, [(2, 14, (138.95246102073654, 37.74672787505094))])
(1161, [(2, 17, (138.95259002508038, 37.745673502139034))])
(1137, [(2, 2, (138.9506289342336, 37.74338728092876))])
(1136, [(2, 2, (138.9506289342336, 37.74338728092876))])


(1162, [(1, 21, (138.95010666699193, 37.74760502792224))])









(1126, [(3, 1, (138.95873606222014, 37.75196338350132))])

(1175, [(3, 1, (138.94938498895, 37.752662586626734))])
(31, [(0, 406, (138.94647256828273, 37.75133620230521))])
(1100, [(8, 12, (138.94507738543894, 37.747360478871414))])(1103, [(2, 8, (138.94351453227554, 37.747006340230804))])(1185, [(5, 2, (138.94395601794528, 37.747067537486345))])
(1164, [(3, 1, (138.94303286932964, 37.74993575213529))])

(1092, [(1, 1, (138.94074197129743, 37.74868601339974))])



(1132, [(7, 2, (138.95208381056662, 37.749890365512805))])(1134, [(14, 2, (138.95246102073654, 37.74672787505094))])(1135, [(17, 2, (138.95259002508038, 37.745673502139034))])(1162, [(11, 16, (138.95232914174812, 37.74777953854942))])
(1140, [(21, 1, (138.95010666699193, 37.74760502792224))])(1161, [(16, 11, (138.95232914174812, 37.74777953854942))])

(1155, [(1, 3, (138.94303286932964, 37.74993575213529))])










(1152, [(1, 3, (138.94938498895, 37.752662586626734))])



(1111, [(3, 2, (138.94603252704727, 37.7532404274791))])(1112, [(6, 2, (138.9459018838669, 37.753714874958504))])(1118, [(10, 23, (138.9458713395519, 37.75458195943166))])





(1101, [(2, 1, (138.94357774669288, 37.74799498601141))])(1106, [(1, 9, (138.94319387259904, 37.748929089930215))])(1154, [(2, 5, (138.94395601794528, 37.747067537486345))])





(31, [(5, 465, (138.93422514811195, 37.75066831748918))])(1214, [(1, 4, (138.9319756107442, 37.74755409372255))])(1326, [(3, 4, (138.93317604814519, 37.74908469358256))])(1328, [(2, 19, (138.9324022083893, 37.74794942436639))])
(1300, [(6, 0, (138.9248394712744, 37.73601125762474))])(1319, [(2, 2, (138.92441230453252, 37.739219305702825))])(1334, [(2, 4, (138.9245446023007, 37.73826274533888))])(1347, [(3, 3, (138.92462651440465, 37.737604987062156))])
(1199, [(0, 6, (138.92890044796857, 37.738147117161034))])
(1199, [(0, 6, (138.93004498985258, 37.73759489772031))])
(1199, [(0, 6, (138.9311902665058, 37.73704232376759))])(1315, [(0, 7, (138.9325565823799, 37.73881676864495))])
(1199, [(1, 5, (138.9323284503844, 37.73647582479037))])
(1199, [(1, 2, (138.9334834362103, 37.7359123581488))])
(1199, [(0, 0, (138.93462527957487, 37.73535765821175))])
(1193, [(6, 0, (138.92890044796857, 37.738147117161034))])(1194, [(6, 0, (138.93004498985258, 37.73759489772031))])(1195, [(6, 0, (138.9311902665058, 37.73704232376759))])(1196, [(5, 1, (138.9323284503844, 37.73647582479037))])(1197, [(2, 1, (138.9334834362103, 37.7359123581488))])(1198, [(0, 0, (138.93462527957487, 37.73535765821175))])(1202, [(7, 0, (138.92661409541677, 37.73924941098131))])(1203, [(6, 0, (138.92776426750393, 37.73869530237776))])
(1315, [(0, 16, (138.92570485694148, 37.74215844236178))])

(1199, [(0, 7, (138.92661409541677, 37.73924941098131))])
(1199, [(0, 6, (138.92776426750393, 37.73869530237776))])

(180, [(0, 164, (138.93674223611555, 37.74385242148066))])
(180, [(2, 170, (138.93637024358628, 37.744968184564314))])
(180, [(5, 171, (138.93612167349474, 37.74592568997881))])(1328, [(2, 6, (138.93524883990762, 37.74578495072572))])


(180, [(1, 173, (138.93576989488804, 37.74727178898818))])(1211, [(3, 4, (138.93523263870557, 37.747179141006164))])
(1210, [(4, 3, (138.93523263870557, 37.747179141006164))])

(1328, [(8, 12, (138.93410846612068, 37.746941256527684))])
(1191, [(4, 1, (138.9319756107442, 37.74755409372255))])(1283, [(8, 54, (138.9316904608567, 37.74720432702703))])(1341, [(13, 10, (138.93123469002927, 37.746717127638085)), (14, 10, (138.9312324928715, 37.746719765619616)), (15, 10, (138.93122999335492, 37.74672276662193))])

(1245, [(2, 4, (138.93390801916982, 37.748084976866274))])
(1218, [(5, 2, (138.93456808404497, 37.744875061832595))])
(1217, [(2, 5, (138.93456808404497, 37.744875061832595))])
(1283, [(4, 51, (138.93119670531908, 37.74751952530549))])


(1326, [(3, 8, (138.93104695477132, 37.74938187117864))])










(31, [(3, 479, (138.9261919617443, 37.75151004155686))])(1275, [(1, 1, (138.9259427730132, 37.75000349058272))])(1279, [(6, 5, (138.92627420820443, 37.75203818600969))])
(1283, [(2, 43, (138.92935595242844, 37.7480465306952))])
(1236, [(17, 9, (138.94090698238017, 37.75513172504874)), (20, 6, (138.94095442516323, 37.75479228200198))])
(1235, [(6, 20, (138.94095442516323, 37.75479228200198)), (9, 17, (138.94090698238017, 37.75513172504874))])

(1332, [(5, 35, (138.92452707542972, 37.75322636966746))])
(1283, [(3, 39, (138.92869460460827, 37.74807848906519))])



(1283, [(9, 31, (138.92624214998318, 37.7475411703868))])(1326, [(2, 33, (138.92555942421106, 37.74869987411824))])(1328, [(5, 57, (138.92579000566815, 37.74818133534815))])
(1249, [(2, 0, (138.93019868887342, 37.74844650659308))])(1283, [(4, 46, (138.92999339597245, 37.74792101683556))])
(1216, [(4, 2, (138.93390801916982, 37.748084976866274))])

(1328, [(3, 45, (138.9276274916105, 37.7485893351278))])

(1244, [(0, 2, (138.93019868887342, 37.74844650659308))])

(1328, [(3, 49, (138.92657956358553, 37.7484347959545))])

(31, [(12, 526, (138.91065324639865, 37.74959113419071))])







(1265, [(3, 5, (138.9140958819588, 37.74954701692621))])(1314, [(7, 44, (138.91443233920592, 37.75016213719957))])



(1261, [(5, 3, (138.9140958819588, 37.74954701692621))])
(31, [(10, 515, (138.91405210896912, 37.75085700399602))])

(1270, [(0, 2, (138.9170776540063, 37.75105627094024))])(1271, [(1, 2, (138.91573069001245, 37.75110146628223))])

(1268, [(2, 0, (138.9170776540063, 37.75105627094024))])
(1268, [(2, 1, (138.91573069001245, 37.75110146628223))])



(1233, [(1, 1, (138.9259427730132, 37.75000349058272))])(1276, [(3, 3, (138.92353183374095, 37.750231126634716))])(1332, [(4, 11, (138.9223179670143, 37.75035029132023))])
(1275, [(3, 3, (138.92353183374095, 37.750231126634716))])
(1332, [(5, 7, (138.9220482298652, 37.74864127150879))])(1342, [(13, 2, (138.92361956303674, 37.74857583408612))])

(1233, [(5, 6, (138.92627420820443, 37.75203818600969))])(1332, [(16, 28, (138.92347645811728, 37.752371321232935))])
(1422, [(3, 14, (138.9110172167461, 37.75167733211943)), (6, 15, (138.91082463797963, 37.75165665093695))])

(1315, [(18, 19, (138.92451783905986, 37.74267491998618))])(1319, [(33, 1, (138.92221869054214, 37.739036981222306))])(1339, [(3, 18, (138.9281000758783, 37.746782329997906))])(1341, [(1, 28, (138.9279800838712, 37.74739224055957))])
(1214, [(54, 8, (138.9316904608567, 37.74720432702703))])(1219, [(51, 4, (138.93119670531908, 37.74751952530549))])(1234, [(43, 2, (138.92935595242844, 37.7480465306952))])(1239, [(39, 3, (138.92869460460827, 37.74807848906519))])(1243, [(31, 9, (138.92624214998318, 37.7475411703868))])(1244, [(46, 4, (138.92999339597245, 37.74792101683556))])(1309, [(6, 23, (138.91785616649025, 37.746544952001564))])(1322, [(15, 33, (138.9205971012612, 37.74605530024532))])(1341, [(23, 52, (138.92307534389633, 37.746055320240224))])(1342, [(28, 8, (138.92467189930522, 37.74678952048122)), (28, 9, (138.9246807572732, 37.7467936013894)), (29, 10, (138.92484998997173, 37.74687156865835))])
(1291, [(11, 20, (138.91674131140812, 37.73751770501618))])(1302, [(8, 11, (138.9182192622194, 37.73762779591533))])(1303, [(7, 3, (138.92038140708712, 37.737813996780964))])(1348, [(11, 7, (138.91674126991157, 37.73751770399918))])
(202, [(18, 10, (138.91203830593588, 37.72300232740957))])



(1377, [(58, 5, (138.9129934945499, 37.73430613969206))])(1394, [(87, 1, (138.91259395086902, 37.72680366637677)), (87, 3, (138.9127135432789, 37.72746209143891))])(1406, [(8, 18, (138.91315699166555, 37.74401270420811))])(1410, [(37, 3, (138.912742824779, 37.73997760514197))])
(1291, [(35, 4, (138.91591166510622, 37.73845422427159))])(1292, [(54, 5, (138.91630040298494, 37.73604499856539))])(1321, [(13, 18, (138.91601052708836, 37.74367772410857))])
(1284, [(20, 11, (138.91674131140812, 37.73751770501618))])(1290, [(4, 35, (138.91591166510622, 37.73845422427159))])(1294, [(55, 2, (138.9155393363109, 37.73144330971837))])(1295, [(56, 3, (138.9155760364078, 37.730905594057724))])(1297, [(45, 2, (138.91559988927094, 37.73307965349581))])(1298, [(36, 3, (138.91604288847464, 37.73423203448424))])(1348, [(8, 2, (138.91633348612208, 37.73857864998144)), (18, 4, (138.9165221836803, 37.73821303905937)), (18, 5, (138.9166141500875, 37.737930502111055)), (20, 7, (138.91672868171582, 37.737546015096086))])
(1290, [(5, 54, (138.91630040298494, 37.73604499856539))])
(1303, [(3, 15, (138.92134779896065, 37.730283993231524))])
(1291, [(2, 55, (138.9155393363109, 37.73144330971837))])
(1291, [(3, 56, (138.9155760364078, 37.730905594057724))])(1303, [(0, 14, (138.9212053986895, 37.73136070348642))])(1304, [(0, 9, (138.92319849746121, 37.731526126194716))])
(1303, [(4, 12, (138.92106745385504, 37.73243804338744))])(1304, [(2, 6, (138.92305966265164, 37.73260514596542))])
(1291, [(2, 45, (138.91559988927094, 37.73307965349581))])(1303, [(0, 10, (138.92093268538062, 37.733500443400224))])(1304, [(0, 5, (138.922917928728, 37.73366423351583))])
(1291, [(3, 36, (138.91604288847464, 37.73423203448424))])(1303, [(1, 8, (138.92078605712345, 37.73458647571802))])(1304, [(1, 4, (138.9227805723759, 37.73475125838518))])

(1192, [(0, 6, (138.9248394712744, 37.73601125762474))])(1303, [(1, 8, (138.92065259246073, 37.7356706341989))])(1304, [(1, 3, (138.92263842838426, 37.73583232444367))])

(1284, [(11, 8, (138.9182192622194, 37.73762779591533))])
(1284, [(3, 7, (138.92038140708712, 37.737813996780964))])(1293, [(15, 3, (138.92134779896065, 37.730283993231524))])(1295, [(14, 0, (138.9212053986895, 37.73136070348642))])(1296, [(12, 4, (138.92106745385504, 37.73243804338744))])(1297, [(10, 0, (138.92093268538062, 37.733500443400224))])(1298, [(8, 1, (138.92078605712345, 37.73458647571802))])(1300, [(8, 1, (138.92065259246073, 37.7356706341989))])
(1295, [(9, 0, (138.92319849746121, 37.731526126194716))])(1296, [(6, 2, (138.92305966265164, 37.73260514596542))])(1297, [(5, 0, (138.922917928728, 37.73366423351583))])(1298, [(4, 1, (138.9227805723759, 37.73475125838518))])(1300, [(3, 1, (138.92263842838426, 37.73583232444367))])



(1330, [(6, 8, (138.91474695392307, 37.74050250196056))])
(1283, [(23, 6, (138.91785616649025, 37.746544952001564))])(1312, [(13, 3, (138.91894100933897, 37.74277638285637))])(1321, [(15, 11, (138.91846906690134, 37.74409527845416))])(1323, [(20, 2, (138.91769647859743, 37.746079150630784)), (21, 2, (138.91769604829162, 37.746079250239255))])
(1330, [(1, 29, (138.91537468778574, 37.742918098083145))])

(1309, [(3, 13, (138.91894100933897, 37.74277638285637))])

(31, [(48, 516, (138.91363610686153, 37.75044336148866)), (66, 535, (138.90957602598272, 37.750033881689966))])(1261, [(44, 7, (138.91443233920592, 37.75016213719957))])(1417, [(74, 10, (138.90985001714796, 37.748756471890594)), (76, 9, (138.90988729204324, 37.74876377718356))])
(1195, [(7, 0, (138.9325565823799, 37.73881676864495))])(1200, [(16, 0, (138.92570485694148, 37.74215844236178))])(1282, [(19, 18, (138.92451783905986, 37.74267491998618))])(1325, [(20, 0, (138.92336205564916, 37.74320788558213))])


(42, [(6, 162, (138.9143777963374, 37.746298477308414))])
(1192, [(2, 2, (138.92441230453252, 37.739219305702825))])(1282, [(1, 33, (138.92221869054214, 37.739036981222306))])

(1290, [(18, 13, (138.91601052708836, 37.74367772410857))])(1309, [(11, 15, (138.91846906690134, 37.74409527845416))])(1322, [(10, 21, (138.92084185158592, 37.74462755475576))])(1344, [(9, 6, (138.9213365881563, 37.74473777083192))])
(31, [(67, 495, (138.9214292145814, 37.751308986302604))])(1283, [(33, 15, (138.9205971012612, 37.74605530024532))])(1321, [(21, 10, (138.92084185158592, 37.74462755475576))])
(1309, [(2, 20, (138.91769647859743, 37.746079150630784)), (2, 21, (138.91769604829162, 37.746079250239255))])
(1349, [(3, 2, (138.91968689667064, 37.74760202042314))])
(1315, [(0, 20, (138.92336205564916, 37.74320788558213))])
(1191, [(4, 3, (138.93317604814519, 37.74908469358256))])(1222, [(8, 3, (138.93104695477132, 37.74938187117864))])(1243, [(33, 2, (138.92555942421106, 37.74869987411824))])(1342, [(40, 4, (138.92388882507453, 37.7480904462845))])(1343, [(50, 3, (138.92297393772867, 37.74753580898767))])
(1330, [(6, 42, (138.9156294344366, 37.74599229758453))])
(1191, [(19, 2, (138.9324022083893, 37.74794942436639))])(1207, [(6, 2, (138.93524883990762, 37.74578495072572))])(1213, [(12, 8, (138.93410846612068, 37.746941256527684))])(1243, [(57, 5, (138.92579000566815, 37.74818133534815))])(1247, [(45, 3, (138.9276274916105, 37.7485893351278))])(1251, [(49, 3, (138.92657956358553, 37.7484347959545))])(1342, [(64, 7, (138.924241700317, 37.74741676384152))])

(1308, [(8, 6, (138.91474695392307, 37.74050250196056))])(1310, [(29, 1, (138.91537468778574, 37.742918098083145))])(1327, [(42, 6, (138.9156294344366, 37.74599229758453))])(1331, [(15, 6, (138.9149145269267, 37.742208596701886))])(1336, [(37, 5, (138.91573276059995, 37.7448482083878))])(1340, [(36, 6, (138.9157105569738, 37.744292603624594))])
(1330, [(6, 15, (138.9149145269267, 37.742208596701886))])
(31, [(18, 492, (138.92228598727917, 37.75132261145489))])(1238, [(35, 5, (138.92452707542972, 37.75322636966746))])(1275, [(11, 4, (138.9223179670143, 37.75035029132023))])(1277, [(7, 5, (138.9220482298652, 37.74864127150879))])(1279, [(28, 16, (138.92347645811728, 37.752371321232935))])

(1192, [(4, 2, (138.9245446023007, 37.73826274533888))])

(1330, [(5, 37, (138.91573276059995, 37.7448482083878))])


(1282, [(18, 3, (138.9281000758783, 37.746782329997906))])(1341, [(26, 6, (138.93174307468092, 37.74604593838071)), (28, 3, (138.93210022100226, 37.74582739501335))])
(1330, [(6, 36, (138.9157105569738, 37.744292603624594))])
(1214, [(10, 13, (138.93123469002927, 37.746717127638085)), (10, 14, (138.9312324928715, 37.746719765619616)), (10, 15, (138.93122999335492, 37.74672276662193))])(1282, [(28, 1, (138.9279800838712, 37.74739224055957))])(1283, [(52, 23, (138.92307534389633, 37.746055320240224))])(1339, [(3, 28, (138.93210022100226, 37.74582739501335)), (6, 26, (138.93174307468092, 37.74604593838071))])(1342, [(39, 11, (138.92524966779462, 37.746329128547245))])
(1277, [(2, 13, (138.92361956303674, 37.74857583408612))])(1283, [(8, 28, (138.92467189930522, 37.74678952048122)), (9, 28, (138.9246807572732, 37.7467936013894)), (10, 29, (138.92484998997173, 37.74687156865835))])(1326, [(4, 40, (138.92388882507453, 37.7480904462845))])(1328, [(7, 64, (138.924241700317, 37.74741676384152))])(1341, [(11, 39, (138.92524966779462, 37.746329128547245))])
(1326, [(3, 50, (138.92297393772867, 37.74753580898767))])
(1321, [(6, 9, (138.9213365881563, 37.74473777083192))])


(1192, [(3, 3, (138.92462651440465, 37.737604987062156))])
(1284, [(7, 11, (138.91674126991157, 37.73751770399918))])(1291, [(2, 8, (138.91633348612208, 37.73857864998144)), (4, 18, (138.9165221836803, 37.73821303905937)), (5, 18, (138.9166141500875, 37.737930502111055)), (7, 20, (138.91672868171582, 37.737546015096086))])
(1324, [(2, 3, (138.91968689667064, 37.74760202042314))])

(1354, [(0, 0, (138.89644965662563, 37.75268617427829))])


(1351, [(0, 0, (138.89644965662563, 37.75268617427829))])




(1413, [(3, 3, (138.9064616107818, 37.750336461454104))])(1419, [(6, 9, (138.904921668068, 37.75019032726205))])



(1421, [(4, 7, (138.90924791781538, 37.75063270714109))])


(1413, [(0, 2, (138.90630453312835, 37.751413681011215))])(1419, [(3, 6, (138.90476256729715, 37.75126484745147))])
(1419, [(2, 2, (138.90460052060823, 37.7523211242147))])



(1422, [(5, 8, (138.9123317969461, 37.75161996308589)), (5, 9, (138.91220789801253, 37.75162643886754)), (6, 8, (138.91233192487064, 37.751619958302726))])


(32, [(10, 0, (138.89885505021556, 37.74745355427825))])(1414, [(7, 10, (138.89865289089568, 37.748867040183))])
(1413, [(1, 8, (138.90677692981373, 37.748219549891324))])(1417, [(20, 1, (138.91167019364488, 37.748489817077875))])
(1396, [(35, 11, (138.8976103485606, 37.742417813576765)), (37, 12, (138.89761060004378, 37.74238057365169))])(1403, [(22, 6, (138.89997724638405, 37.742541246733424))])
(42, [(3, 79, (138.91390983825553, 37.73421362700762))])(1289, [(5, 58, (138.9129934945499, 37.73430613969206))])(1381, [(12, 3, (138.90067340365795, 37.73426144554002))])(1383, [(18, 6, (138.89834262352232, 37.734281869724526))])(1390, [(15, 16, (138.8988926951396, 37.7342585813513))])
(1379, [(1, 4, (138.89463190838435, 37.73571154654827))])
(1378, [(4, 1, (138.89463190838435, 37.73571154654827))])

(1377, [(3, 12, (138.90067340365795, 37.73426144554002))])

(1377, [(6, 18, (138.89834262352232, 37.734281869724526))])



(1390, [(1, 13, (138.8988345056429, 37.733611103126094))])
(1389, [(7, 12, (138.89757439269198, 37.732838913317345))])
(1388, [(12, 7, (138.89757439269198, 37.732838913317345))])(1390, [(18, 5, (138.89859380966192, 37.73269191755346))])
(1377, [(16, 15, (138.8988926951396, 37.7342585813513))])(1387, [(13, 1, (138.8988345056429, 37.733611103126094))])(1389, [(5, 18, (138.89859380966192, 37.73269191755346))])



(1289, [(1, 87, (138.91259395086902, 37.72680366637677)), (3, 87, (138.9127135432789, 37.72746209143891))])

(1376, [(11, 35, (138.8976103485606, 37.742417813576765)), (12, 37, (138.89761060004378, 37.74238057365169))])(1397, [(18, 5, (138.89758208285159, 37.7417635677781)), (20, 8, (138.8975572159908, 37.74164759430384))])
(1396, [(5, 18, (138.89758208285159, 37.7417635677781)), (8, 20, (138.8975572159908, 37.74164759430384))])





(1376, [(6, 22, (138.89997724638405, 37.742541246733424))])
(1407, [(0, 7, (138.90132702999614, 37.7466644475486))])

(1289, [(18, 8, (138.91315699166555, 37.74401270420811))])
(1404, [(7, 0, (138.90132702999614, 37.7466644475486))])(1413, [(3, 10, (138.90693541058977, 37.74714334791186))])


(1289, [(3, 37, (138.912742824779, 37.73997760514197))])


(1359, [(3, 3, (138.9064616107818, 37.750336461454104))])(1366, [(2, 0, (138.90630453312835, 37.751413681011215))])(1375, [(8, 1, (138.90677692981373, 37.748219549891324))])(1407, [(10, 3, (138.90693541058977, 37.74714334791186))])(1415, [(5, 1, (138.9066190216117, 37.749289944415764))])
(1374, [(10, 7, (138.89865289089568, 37.748867040183))])
(1413, [(1, 5, (138.9066190216117, 37.749289944415764))])(1419, [(3, 12, (138.9050816748691, 37.74914613560394))])

(1314, [(9, 76, (138.90988729204324, 37.74876377718356)), (10, 74, (138.90985001714796, 37.748756471890594))])(1375, [(1, 20, (138.91167019364488, 37.748489817077875))])(1422, [(15, 48, (138.90802537397857, 37.74861985227626)), (18, 51, (138.9079751699275, 37.74834468448531))])

(1359, [(9, 6, (138.904921668068, 37.75019032726205))])(1366, [(6, 3, (138.90476256729715, 37.75126484745147))])(1367, [(2, 2, (138.90460052060823, 37.7523211242147))])(1415, [(12, 3, (138.9050816748691, 37.74914613560394))])

(31, [(12, 537, (138.90907978969332, 37.750061728737215))])(1363, [(7, 4, (138.90924791781538, 37.75063270714109))])
(31, [(2, 498, (138.91921776378697, 37.751377133247125)), (2, 499, (138.91854528837013, 37.75140170373827)), (3, 500, (138.91665717245763, 37.751469353067755)), (27, 546, (138.90784753069778, 37.75051051345054))])(1280, [(14, 3, (138.9110172167461, 37.75167733211943)), (15, 6, (138.91082463797963, 37.75165665093695))])(1371, [(8, 5, (138.9123317969461, 37.75161996308589)), (8, 6, (138.91233192487064, 37.751619958302726)), (9, 5, (138.91220789801253, 37.75162643886754))])(1417, [(48, 15, (138.90802537397857, 37.74861985227626)), (51, 18, (138.9079751699275, 37.74834468448531))])


(192, [(18, 510, (138.95036735988032, 37.73209482031791))])


(1495, [(0, 19, (138.9450890367544, 37.733166092315564))])

(192, [(17, 498, (138.95157615165203, 37.7379189491603))])




(192, [(8, 495, (138.95164364934536, 37.73992555827351))])
(192, [(4, 475, (138.95424595209263, 37.743808619458036))])
(180, [(10, 133, (138.9493672379794, 37.73540656075831))])(1454, [(5, 1, (138.94872594852663, 37.733879021038994)), (5, 3, (138.94872053800788, 37.73383029549741))])
(1495, [(4, 18, (138.94461244275965, 37.731808154246934))])




(1446, [(17, 0, (138.95323582391322, 37.73554455299204))])

(1481, [(2, 19, (138.9415816534363, 37.731794762390756))])
(192, [(10, 505, (138.95131974374752, 37.73555420284874))])(1443, [(0, 17, (138.95323582391322, 37.73554455299204))])
(180, [(1, 136, (138.9475181546105, 37.73663701440858))])

(1495, [(2, 21, (138.94598388060325, 37.73592521861211))])




(192, [(0, 508, (138.9508007049948, 37.733477346113624))])(1437, [(1, 5, (138.94872594852663, 37.733879021038994)), (3, 5, (138.94872053800788, 37.73383029549741))])









(1495, [(2, 7, (138.94478577277582, 37.730112712068994)), (2, 8, (138.94492963672664, 37.73037144230969)), (3, 6, (138.94478569682892, 37.73011257534498))])









(1475, [(3, 2, (138.93896084992986, 37.727136158561756))])
(1474, [(2, 3, (138.93896084992986, 37.727136158561756))])(1477, [(2, 1, (138.93850709055525, 37.72577186104034))])

(1475, [(1, 2, (138.93850709055525, 37.72577186104034))])



(1445, [(19, 2, (138.9415816534363, 37.731794762390756))])
(192, [(3, 513, (138.94950321925137, 37.729342849903325))])(1487, [(1, 4, (138.94663962923676, 37.72991155847408))])
(192, [(3, 511, (138.94993786031642, 37.73072872057623))])


(1495, [(1, 5, (138.94449254735966, 37.72960725690305))])
(1482, [(4, 1, (138.94663962923676, 37.72991155847408))])

(1493, [(5, 7, (138.94360429417253, 37.72701270687971))])



(1489, [(7, 5, (138.94360429417253, 37.72701270687971))])

(1428, [(19, 0, (138.9450890367544, 37.733166092315564))])(1438, [(18, 4, (138.94461244275965, 37.731808154246934))])(1449, [(21, 2, (138.94598388060325, 37.73592521861211))])(1464, [(6, 3, (138.94478569682892, 37.73011257534498)), (7, 2, (138.94478577277582, 37.730112712068994)), (8, 2, (138.94492963672664, 37.73037144230969))])(1486, [(5, 1, (138.94449254735966, 37.72960725690305))])



